{
	"class_name" : "PoseGraph",
	"edges" : 
	[
		{
			"class_name" : "PoseGraphEdge",
			"confidence" : 1.0,
			"information" : 
			[
				9923.8841492337397,
				-52.928753133762967,
				896.70336108982997,
				0.0,
				-4730.1443179565986,
				-68.457403385951807,
				-52.928753133762967,
				10600.512860913432,
				367.71398049108268,
				4730.1443179565986,
				0.0,
				296.6802619426731,
				896.70336108982997,
				367.71398049108268,
				1690.9993085200638,
				68.457403385951807,
				-296.6802619426731,
				0.0,
				0.0,
				4730.1443179565986,
				68.457403385951807,
				2499.0,
				0.0,
				0.0,
				-4730.1443179565986,
				0.0,
				-296.6802619426731,
				0.0,
				2499.0,
				0.0,
				-68.457403385951807,
				296.6802619426731,
				0.0,
				0.0,
				0.0,
				2499.0
			],
			"source_node_id" : 0,
			"target_node_id" : 1,
			"transformation" : 
			[
				0.99998932412100305,
				-0.00026344219894996139,
				0.0046132680636652833,
				0.0,
				0.00020653253394994306,
				0.99992393396948542,
				0.012332218750109739,
				0.0,
				-0.0046161659775014402,
				-0.012331134302891619,
				0.99991331331194511,
				0.0,
				-0.0011667239581427784,
				0.024354673523145867,
				0.0014300498517639487,
				1.0
			],
			"uncertain" : false,
			"version_major" : 1,
			"version_minor" : 0
		},
		{
			"class_name" : "PoseGraphEdge",
			"confidence" : 1.0,
			"information" : 
			[
				9980.684182357194,
				-50.007317715848039,
				918.42218865744303,
				0.0,
				-4748.1105025506822,
				-81.815344212709448,
				-50.007317715848039,
				10646.946717633266,
				378.10740799766381,
				4748.1105025506822,
				0.0,
				309.5333277127454,
				918.42218865744303,
				378.10740799766381,
				1694.9017848367971,
				81.815344212709448,
				-309.5333277127454,
				0.0,
				0.0,
				4748.1105025506822,
				81.815344212709448,
				2500.0,
				0.0,
				0.0,
				-4748.1105025506822,
				0.0,
				-309.5333277127454,
				0.0,
				2500.0,
				0.0,
				-81.815344212709448,
				309.5333277127454,
				0.0,
				0.0,
				0.0,
				2500.0
			],
			"source_node_id" : 1,
			"target_node_id" : 2,
			"transformation" : 
			[
				0.99999128307563623,
				-0.00037710752916162804,
				0.0041583124767238418,
				0.0,
				0.00032606120991284724,
				0.99992467268640572,
				0.012269581780630092,
				0.0,
				-0.0041626261938850244,
				-0.012268118963216378,
				0.99991607937880189,
				0.0,
				-0.00047084072397145688,
				0.024266816606025594,
				0.0021663130800642603,
				1.0
			],
			"uncertain" : false,
			"version_major" : 1,
			"version_minor" : 0
		},
		{
			"class_name" : "PoseGraphEdge",
			"confidence" : 1.0,
			"information" : 
			[
				10365.29015712559,
				-59.534412472549462,
				917.29031888350914,
				0.0,
				-4951.6749268375916,
				-73.800910788938481,
				-59.534412472549462,
				11078.273628705902,
				359.51993063679959,
				4951.6749268375916,
				0.0,
				305.23233801412999,
				917.29031888350914,
				359.51993063679959,
				1757.1024730460133,
				73.800910788938481,
				-305.23233801412999,
				0.0,
				0.0,
				4951.6749268375916,
				73.800910788938481,
				2608.0,
				0.0,
				0.0,
				-4951.6749268375916,
				0.0,
				-305.23233801412999,
				0.0,
				2608.0,
				0.0,
				-73.800910788938481,
				305.23233801412999,
				0.0,
				0.0,
				0.0,
				2608.0
			],
			"source_node_id" : 2,
			"target_node_id" : 3,
			"transformation" : 
			[
				0.99999446732120079,
				-0.00035913424217745088,
				0.0033070152077091242,
				0.0,
				0.00031479627790813178,
				0.99991019296014161,
				0.013398019171343162,
				0.0,
				-0.0033115299019243327,
				-0.013396904008328171,
				0.99990477383233867,
				0.0,
				-0.0020796787506450957,
				0.026239613430988792,
				0.0035300739665047797,
				1.0
			],
			"uncertain" : false,
			"version_major" : 1,
			"version_minor" : 0
		},
		{
			"class_name" : "PoseGraphEdge",
			"confidence" : 1.0,
			"information" : 
			[
				10281.423632943046,
				-62.539179783337893,
				919.57992585004763,
				0.0,
				-4918.6689841226216,
				-66.336960234368888,
				-62.539179783337893,
				10990.047088346757,
				336.52075765737447,
				4918.6689841226216,
				0.0,
				308.97710187531175,
				919.57992585004763,
				336.52075765737447,
				1740.5590252513755,
				66.336960234368888,
				-308.97710187531175,
				0.0,
				0.0,
				4918.6689841226216,
				66.336960234368888,
				2591.0,
				0.0,
				0.0,
				-4918.6689841226216,
				0.0,
				-308.97710187531175,
				0.0,
				2591.0,
				0.0,
				-66.336960234368888,
				308.97710187531175,
				0.0,
				0.0,
				0.0,
				2591.0
			],
			"source_node_id" : 3,
			"target_node_id" : 4,
			"transformation" : 
			[
				0.99999521713421258,
				-0.00029823607221161831,
				0.0030784353069986409,
				0.0,
				0.00025745907706824716,
				0.99991234173801435,
				0.01323792109166007,
				0.0,
				-0.0030821134823006135,
				-0.013237065205347259,
				0.99990763607507105,
				0.0,
				-0.0020983913857501916,
				0.02589018850972884,
				0.0040811274748254111,
				1.0
			],
			"uncertain" : false,
			"version_major" : 1,
			"version_minor" : 0
		},
		{
			"class_name" : "PoseGraphEdge",
			"confidence" : 1.0,
			"information" : 
			[
				10157.023897928768,
				-57.938157575772664,
				915.99289120415506,
				0.0,
				-4862.1616935343709,
				-54.057504765918523,
				-57.938157575772664,
				10866.541627131694,
				306.33834272797242,
				4862.1616935343709,
				0.0,
				309.48141201629647,
				915.99289120415506,
				306.33834272797242,
				1725.5007372147843,
				54.057504765918523,
				-309.48141201629647,
				0.0,
				0.0,
				4862.1616935343709,
				54.057504765918523,
				2560.0,
				0.0,
				0.0,
				-4862.1616935343709,
				0.0,
				-309.48141201629647,
				0.0,
				2560.0,
				0.0,
				-54.057504765918523,
				309.48141201629647,
				0.0,
				0.0,
				0.0,
				2560.0
			],
			"source_node_id" : 4,
			"target_node_id" : 5,
			"transformation" : 
			[
				0.99999680659119405,
				-0.00077121764144503309,
				0.0024066638243725939,
				0.0,
				0.00073859155382967844,
				0.99990821787210138,
				0.013528130482623376,
				0.0,
				-0.0024168760685296256,
				-0.013526309740198778,
				0.99990559437122928,
				0.0,
				-0.0030657844362474559,
				0.026276034109321507,
				0.0048188825728783299,
				1.0
			],
			"uncertain" : false,
			"version_major" : 1,
			"version_minor" : 0
		},
		{
			"class_name" : "PoseGraphEdge",
			"confidence" : 1.0,
			"information" : 
			[
				10260.808642725167,
				-62.430636974265624,
				898.3927137555205,
				0.0,
				-4905.3761597076318,
				-43.333501114637677,
				-62.430636974265624,
				10978.944823166195,
				281.59560007823893,
				4905.3761597076318,
				0.0,
				298.86755375208475,
				898.3927137555205,
				281.59560007823893,
				1731.1046290245451,
				43.333501114637677,
				-298.86755375208475,
				0.0,
				0.0,
				4905.3761597076318,
				43.333501114637677,
				2574.0,
				0.0,
				0.0,
				-4905.3761597076318,
				0.0,
				-298.86755375208475,
				0.0,
				2574.0,
				0.0,
				-43.333501114637677,
				298.86755375208475,
				0.0,
				0.0,
				0.0,
				2574.0
			],
			"source_node_id" : 5,
			"target_node_id" : 6,
			"transformation" : 
			[
				0.99999656666169889,
				-0.00052755411019557951,
				0.0025667784234947952,
				0.0,
				0.00049100382058647372,
				0.99989877575780017,
				0.014219604540936672,
				0.0,
				-0.0025740202141149087,
				-0.014218295422211241,
				0.99989560179811987,
				0.0,
				-0.0022451938000084986,
				0.027452413923374566,
				0.0058675586758286371,
				1.0
			],
			"uncertain" : false,
			"version_major" : 1,
			"version_minor" : 0
		},
		{
			"class_name" : "PoseGraphEdge",
			"confidence" : 1.0,
			"information" : 
			[
				11206.417553516821,
				-67.031450859846743,
				979.39766123136872,
				0.0,
				-5342.4423095344682,
				-70.860725127959654,
				-67.031450859846743,
				12017.809917759334,
				342.18643396187446,
				5342.4423095344682,
				0.0,
				325.91694670365735,
				979.39766123136872,
				342.18643396187446,
				1911.5114768133499,
				70.860725127959654,
				-325.91694670365735,
				0.0,
				0.0,
				5342.4423095344682,
				70.860725127959654,
				2790.0,
				0.0,
				0.0,
				-5342.4423095344682,
				0.0,
				-325.91694670365735,
				0.0,
				2790.0,
				0.0,
				-70.860725127959654,
				325.91694670365735,
				0.0,
				0.0,
				0.0,
				2790.0
			],
			"source_node_id" : 6,
			"target_node_id" : 7,
			"transformation" : 
			[
				0.99999726230189634,
				-0.0006784504514663601,
				0.0022394404875339031,
				0.0,
				0.00064794499908335339,
				0.99990737867560353,
				0.013594640023220987,
				0.0,
				-0.0022484563572513182,
				-0.013593151770936134,
				0.99990508082964658,
				0.0,
				-0.0028399478006295993,
				0.026394366670120167,
				0.0058719018028120847,
				1.0
			],
			"uncertain" : false,
			"version_major" : 1,
			"version_minor" : 0
		},
		{
			"class_name" : "PoseGraphEdge",
			"confidence" : 1.0,
			"information" : 
			[
				10223.569359031095,
				-62.913033595377641,
				934.90174834069387,
				0.0,
				-4877.652562543738,
				-30.180143488822836,
				-62.913033595377641,
				10964.942755442407,
				246.58875759329297,
				4877.652562543738,
				0.0,
				319.28571102650363,
				934.90174834069387,
				246.58875759329297,
				1739.7648386513247,
				30.180143488822836,
				-319.28571102650363,
				0.0,
				0.0,
				4877.652562543738,
				30.180143488822836,
				2547.0,
				0.0,
				0.0,
				-4877.652562543738,
				0.0,
				-319.28571102650363,
				0.0,
				2547.0,
				0.0,
				-30.180143488822836,
				319.28571102650363,
				0.0,
				0.0,
				0.0,
				2547.0
			],
			"source_node_id" : 7,
			"target_node_id" : 8,
			"transformation" : 
			[
				0.99999737843020098,
				-0.00062999582628119174,
				0.0022014172672417064,
				0.0,
				0.00059927095623523124,
				0.99990279667446036,
				0.013929755091651841,
				0.0,
				-0.002209978969731291,
				-0.013928399328395773,
				0.99990055289768776,
				0.0,
				-0.0030344232122947248,
				0.026750055607755698,
				0.0063233318038688159,
				1.0
			],
			"uncertain" : false,
			"version_major" : 1,
			"version_minor" : 0
		},
		{
			"class_name" : "PoseGraphEdge",
			"confidence" : 1.0,
			"information" : 
			[
				10142.016560485767,
				-58.196911458170128,
				920.89098931845524,
				0.0,
				-4839.0542058896081,
				-26.919891354186213,
				-58.196911458170128,
				10874.86062976728,
				232.55817509556755,
				4839.0542058896081,
				0.0,
				316.73424666775702,
				920.89098931845524,
				232.55817509556755,
				1724.7618353941821,
				26.919891354186213,
				-316.73424666775702,
				0.0,
				0.0,
				4839.0542058896081,
				26.919891354186213,
				2525.0,
				0.0,
				0.0,
				-4839.0542058896081,
				0.0,
				-316.73424666775702,
				0.0,
				2525.0,
				0.0,
				-26.919891354186213,
				316.73424666775702,
				0.0,
				0.0,
				0.0,
				2525.0
			],
			"source_node_id" : 8,
			"target_node_id" : 9,
			"transformation" : 
			[
				0.99999713775673171,
				-0.00067834795990654448,
				0.002294411120368219,
				0.0,
				0.00064711803477971125,
				0.99990751340230677,
				0.01358476646339039,
				0.0,
				-0.0023034141167062347,
				-0.013583242825668839,
				0.99990509039495645,
				0.0,
				-0.0028863607733715813,
				0.026230007890109319,
				0.0065491933908241075,
				1.0
			],
			"uncertain" : false,
			"version_major" : 1,
			"version_minor" : 0
		},
		{
			"class_name" : "PoseGraphEdge",
			"confidence" : 1.0,
			"information" : 
			[
				9888.7651996801651,
				-60.798304236719417,
				885.4240491941772,
				0.0,
				-4705.807163572209,
				-33.137147193132897,
				-60.798304236719417,
				10597.462381403404,
				236.78087609003077,
				4705.807163572209,
				0.0,
				303.53357145088683,
				885.4240491941772,
				236.78087609003077,
				1684.2364772063854,
				33.137147193132897,
				-303.53357145088683,
				0.0,
				0.0,
				4705.807163572209,
				33.137147193132897,
				2447.0,
				0.0,
				0.0,
				-4705.807163572209,
				0.0,
				-303.53357145088683,
				0.0,
				2447.0,
				0.0,
				-33.137147193132897,
				303.53357145088683,
				0.0,
				0.0,
				0.0,
				2447.0
			],
			"source_node_id" : 9,
			"target_node_id" : 10,
			"transformation" : 
			[
				0.99999680252218859,
				-0.00067522382230084154,
				0.0024370100920641687,
				0.0,
				0.00064191893749021935,
				0.99990674717292771,
				0.013641293858445824,
				0.0,
				-0.0024459937605637097,
				-0.013639685877782444,
				0.99990398343224862,
				0.0,
				-0.0029931538601790015,
				0.026131095188582601,
				0.0067851118472551913,
				1.0
			],
			"uncertain" : false,
			"version_major" : 1,
			"version_minor" : 0
		},
		{
			"class_name" : "PoseGraphEdge",
			"confidence" : 1.0,
			"information" : 
			[
				10262.142081847172,
				-70.72775503972278,
				907.66633227632656,
				0.0,
				-4894.623812441534,
				-31.9819235598214,
				-70.72775503972278,
				11026.967784078402,
				239.94904719750733,
				4894.623812441534,
				0.0,
				307.36951439226635,
				907.66633227632656,
				239.94904719750733,
				1770.2348827101273,
				31.9819235598214,
				-307.36951439226635,
				0.0,
				0.0,
				4894.623812441534,
				31.9819235598214,
				2548.0,
				0.0,
				0.0,
				-4894.623812441534,
				0.0,
				-307.36951439226635,
				0.0,
				2548.0,
				0.0,
				-31.9819235598214,
				307.36951439226635,
				0.0,
				0.0,
				0.0,
				2548.0
			],
			"source_node_id" : 10,
			"target_node_id" : 11,
			"transformation" : 
			[
				0.9999971911938853,
				-0.0004996013700321782,
				0.0023168950799278771,
				0.0,
				0.00046962797664895064,
				0.99991643041272604,
				0.012919428789065733,
				0.0,
				-0.0023231560222853409,
				-0.012918304422146653,
				0.99991385646812236,
				0.0,
				-0.0039824106499579048,
				0.024680106523949728,
				0.006277580732124948,
				1.0
			],
			"uncertain" : false,
			"version_major" : 1,
			"version_minor" : 0
		},
		{
			"class_name" : "PoseGraphEdge",
			"confidence" : 1.0,
			"information" : 
			[
				10096.352154205308,
				-63.692673138626759,
				916.16844924723853,
				0.0,
				-4806.5633661575757,
				-25.127637040738122,
				-63.692673138626759,
				10837.054062078019,
				220.23609748266082,
				4806.5633661575757,
				0.0,
				317.35655724570677,
				916.16844924723853,
				220.23609748266082,
				1730.6305504570237,
				25.127637040738122,
				-317.35655724570677,
				0.0,
				0.0,
				4806.5633661575757,
				25.127637040738122,
				2497.0,
				0.0,
				0.0,
				-4806.5633661575757,
				0.0,
				-317.35655724570677,
				0.0,
				2497.0,
				0.0,
				-25.127637040738122,
				317.35655724570677,
				0.0,
				0.0,
				0.0,
				2497.0
			],
			"source_node_id" : 11,
			"target_node_id" : 12,
			"transformation" : 
			[
				0.99999479403761959,
				-0.00055802352935712524,
				0.0031781295442050721,
				0.0,
				0.00051732419227785715,
				0.9999180385126023,
				0.012792522534273165,
				0.0,
				-0.0031850075885544431,
				-0.012790811813582688,
				0.99991312165598167,
				0.0,
				-0.0020328656277382134,
				0.024527042619844959,
				0.0061181895520189137,
				1.0
			],
			"uncertain" : false,
			"version_major" : 1,
			"version_minor" : 0
		},
		{
			"class_name" : "PoseGraphEdge",
			"confidence" : 1.0,
			"information" : 
			[
				10016.992201392864,
				-63.899874203368363,
				889.56069958898183,
				0.0,
				-4775.9455939715626,
				-24.673834580048236,
				-63.899874203368363,
				10747.487511434972,
				214.93206515251842,
				4775.9455939715626,
				0.0,
				309.62692432963132,
				889.56069958898183,
				214.93206515251842,
				1714.1304605018338,
				24.673834580048236,
				-309.62692432963132,
				0.0,
				0.0,
				4775.9455939715626,
				24.673834580048236,
				2483.0,
				0.0,
				0.0,
				-4775.9455939715626,
				0.0,
				-309.62692432963132,
				0.0,
				2483.0,
				0.0,
				-24.673834580048236,
				309.62692432963132,
				0.0,
				0.0,
				0.0,
				2483.0
			],
			"source_node_id" : 12,
			"target_node_id" : 13,
			"transformation" : 
			[
				0.99999329844200135,
				-0.00080298037571060554,
				0.003571875362197701,
				0.0,
				0.00075883604177865186,
				0.99992353309080162,
				0.01234310086931353,
				0.0,
				-0.0035815134997021878,
				-0.012340307683545592,
				0.99991744137570016,
				0.0,
				-0.0014610994009820032,
				0.02372511094006385,
				0.0057092663232848851,
				1.0
			],
			"uncertain" : false,
			"version_major" : 1,
			"version_minor" : 0
		},
		{
			"class_name" : "PoseGraphEdge",
			"confidence" : 1.0,
			"information" : 
			[
				9899.5464632416206,
				-64.525968471738111,
				887.70731932386707,
				0.0,
				-4702.1783628837356,
				-36.486518271747109,
				-64.525968471738111,
				10622.511816483242,
				225.17614228580908,
				4702.1783628837356,
				0.0,
				307.05890306515397,
				887.70731932386707,
				225.17614228580908,
				1687.3737053759796,
				36.486518271747109,
				-307.05890306515397,
				0.0,
				0.0,
				4702.1783628837356,
				36.486518271747109,
				2429.0,
				0.0,
				0.0,
				-4702.1783628837356,
				0.0,
				-307.05890306515397,
				0.0,
				2429.0,
				0.0,
				-36.486518271747109,
				307.05890306515397,
				0.0,
				0.0,
				0.0,
				2429.0
			],
			"source_node_id" : 13,
			"target_node_id" : 14,
			"transformation" : 
			[
				0.99999141341120024,
				-0.00080886309276932949,
				0.0040643381216639921,
				0.0,
				0.00075915221898558165,
				0.99992507317207191,
				0.012217681029350339,
				0.0,
				-0.0040739160249647789,
				-0.012214490669843482,
				0.99991710127684963,
				0.0,
				-0.0015994644309568675,
				0.023627090546863381,
				0.0057008271184931644,
				1.0
			],
			"uncertain" : false,
			"version_major" : 1,
			"version_minor" : 0
		},
		{
			"class_name" : "PoseGraphEdge",
			"confidence" : 1.0,
			"information" : 
			[
				10047.726154520558,
				-62.587570396326392,
				887.4937738601991,
				0.0,
				-4776.5521787130692,
				-16.545714997678143,
				-62.587570396326392,
				10789.910195720169,
				183.52671172848551,
				4776.5521787130692,
				0.0,
				307.65135977926656,
				887.4937738601991,
				183.52671172848551,
				1709.6477246696386,
				16.545714997678143,
				-307.65135977926656,
				0.0,
				0.0,
				4776.5521787130692,
				16.545714997678143,
				2466.0,
				0.0,
				0.0,
				-4776.5521787130692,
				0.0,
				-307.65135977926656,
				0.0,
				2466.0,
				0.0,
				-16.545714997678143,
				307.65135977926656,
				0.0,
				0.0,
				0.0,
				2466.0
			],
			"source_node_id" : 14,
			"target_node_id" : 15,
			"transformation" : 
			[
				0.99998831273153854,
				-0.0011190109249057231,
				0.0047034258663700848,
				0.0,
				0.0010651272512635841,
				0.99993395721495992,
				0.011443195024531522,
				0.0,
				-0.0047159202992749184,
				-0.011438051537774645,
				0.99992346260738874,
				0.0,
				-0.00074075493423166766,
				0.022329724255261925,
				0.0049769136215656951,
				1.0
			],
			"uncertain" : false,
			"version_major" : 1,
			"version_minor" : 0
		},
		{
			"class_name" : "PoseGraphEdge",
			"confidence" : 1.0,
			"information" : 
			[
				9747.9008738659377,
				-62.66410584855511,
				900.3994875632676,
				0.0,
				-4632.2159042401236,
				-21.532847493830964,
				-62.66410584855511,
				10475.827607441248,
				191.27962443329778,
				4632.2159042401236,
				0.0,
				317.67402346040006,
				900.3994875632676,
				191.27962443329778,
				1676.5207630611442,
				21.532847493830964,
				-317.67402346040006,
				0.0,
				0.0,
				4632.2159042401236,
				21.532847493830964,
				2392.0,
				0.0,
				0.0,
				-4632.2159042401236,
				0.0,
				-317.67402346040006,
				0.0,
				2392.0,
				0.0,
				-21.532847493830964,
				317.67402346040006,
				0.0,
				0.0,
				0.0,
				2392.0
			],
			"source_node_id" : 15,
			"target_node_id" : 16,
			"transformation" : 
			[
				0.99998468629353032,
				-0.0010566732307265485,
				0.0054323678182877392,
				0.0,
				0.00099807651688466168,
				0.99994141749387777,
				0.010778006476215882,
				0.0,
				-0.0054434384074907799,
				-0.010772419506237862,
				0.99992715932526077,
				0.0,
				-0.00047624155997580484,
				0.021333087959564592,
				0.0043761409123913375,
				1.0
			],
			"uncertain" : false,
			"version_major" : 1,
			"version_minor" : 0
		},
		{
			"class_name" : "PoseGraphEdge",
			"confidence" : 1.0,
			"information" : 
			[
				10986.896871929559,
				-70.451107713285808,
				946.42631279063949,
				0.0,
				-5214.4899329846485,
				-76.694756582752774,
				-70.451107713285808,
				11792.894240111222,
				304.06010209495872,
				5214.4899329846485,
				0.0,
				331.82805173146846,
				946.42631279063949,
				304.06010209495872,
				1873.5934249466925,
				76.694756582752774,
				-331.82805173146846,
				0.0,
				0.0,
				5214.4899329846485,
				76.694756582752774,
				2686.0,
				0.0,
				0.0,
				-5214.4899329846485,
				0.0,
				-331.82805173146846,
				0.0,
				2686.0,
				0.0,
				-76.694756582752774,
				331.82805173146846,
				0.0,
				0.0,
				0.0,
				2686.0
			],
			"source_node_id" : 16,
			"target_node_id" : 17,
			"transformation" : 
			[
				0.99997918038489331,
				-0.0019252097190749651,
				0.0061589255795356903,
				0.0,
				0.0018582029940885246,
				0.9999392269666032,
				0.010866897214247453,
				0.0,
				-0.0061794723390788129,
				-0.010855226435677788,
				0.99992198604723215,
				0.0,
				0.0011551329137257089,
				0.021322442606431825,
				0.0039058097139027747,
				1.0
			],
			"uncertain" : false,
			"version_major" : 1,
			"version_minor" : 0
		},
		{
			"class_name" : "PoseGraphEdge",
			"confidence" : 1.0,
			"information" : 
			[
				9609.7334439024162,
				-53.910926425784581,
				761.90889552511408,
				0.0,
				-4592.1835332387209,
				-31.785280710865447,
				-53.910926425784581,
				10314.677730919548,
				197.46900909107785,
				4592.1835332387209,
				0.0,
				259.28421814379777,
				761.90889552511408,
				197.46900909107785,
				1647.6613385138182,
				31.785280710865447,
				-259.28421814379777,
				0.0,
				0.0,
				4592.1835332387209,
				31.785280710865447,
				2381.0,
				0.0,
				0.0,
				-4592.1835332387209,
				0.0,
				-259.28421814379777,
				0.0,
				2381.0,
				0.0,
				-31.785280710865447,
				259.28421814379777,
				0.0,
				0.0,
				0.0,
				2381.0
			],
			"source_node_id" : 17,
			"target_node_id" : 18,
			"transformation" : 
			[
				0.99997076707379451,
				0.00078040652100598877,
				0.0076063107686381521,
				0.0,
				-0.0008605123286213785,
				0.99994414650347552,
				0.010533916269272055,
				0.0,
				-0.0075976651926378015,
				-0.01054015365626684,
				0.9999155867594639,
				0.0,
				0.0077076360569219458,
				0.021357375090716637,
				0.0016794406388439328,
				1.0
			],
			"uncertain" : false,
			"version_major" : 1,
			"version_minor" : 0
		},
		{
			"class_name" : "PoseGraphEdge",
			"confidence" : 1.0,
			"information" : 
			[
				9295.8949969908244,
				-32.055878661377236,
				714.32044779600301,
				0.0,
				-4477.9531450539771,
				1.9959137630364268,
				-32.055878661377236,
				9958.6262776060848,
				122.39621525386562,
				4477.9531450539771,
				0.0,
				250.50799377987468,
				714.32044779600301,
				122.39621525386562,
				1558.3775880971705,
				-1.9959137630364268,
				-250.50799377987468,
				0.0,
				0.0,
				4477.9531450539771,
				-1.9959137630364268,
				2337.0,
				0.0,
				0.0,
				-4477.9531450539771,
				0.0,
				-250.50799377987468,
				0.0,
				2337.0,
				0.0,
				1.9959137630364268,
				250.50799377987468,
				0.0,
				0.0,
				0.0,
				2337.0
			],
			"source_node_id" : 18,
			"target_node_id" : 19,
			"transformation" : 
			[
				0.99996278562015783,
				-0.0025385088273287811,
				0.0082452014959329689,
				0.0,
				0.0024644902789959103,
				0.99995668729640819,
				0.0089749550894939589,
				0.0,
				-0.0082676273766840794,
				-0.0089543008731711032,
				0.99992573065874901,
				0.0,
				0.0022129540937401598,
				0.018224434534347661,
				0.0017443707043439157,
				1.0
			],
			"uncertain" : false,
			"version_major" : 1,
			"version_minor" : 0
		},
		{
			"class_name" : "PoseGraphEdge",
			"confidence" : 1.0,
			"information" : 
			[
				9534.9136523654961,
				-10.338616917585004,
				726.67976361638239,
				0.0,
				-4606.4096570058109,
				41.409267630790467,
				-10.338616917585004,
				10203.269815142923,
				40.589958445184777,
				4606.4096570058109,
				0.0,
				263.82310252992181,
				726.67976361638239,
				40.589958445184777,
				1579.6519435189823,
				-41.409267630790467,
				-263.82310252992181,
				0.0,
				0.0,
				4606.4096570058109,
				-41.409267630790467,
				2407.0,
				0.0,
				0.0,
				-4606.4096570058109,
				0.0,
				-263.82310252992181,
				0.0,
				2407.0,
				0.0,
				41.409267630790467,
				263.82310252992181,
				0.0,
				0.0,
				0.0,
				2407.0
			],
			"source_node_id" : 19,
			"target_node_id" : 20,
			"transformation" : 
			[
				0.99995299273553773,
				-0.0028840455706242193,
				0.0092571378075403873,
				0.0,
				0.0028130172534747695,
				0.99996657714106618,
				0.0076766877435129888,
				0.0,
				-0.0092789683248130621,
				-0.0076502863950516338,
				0.99992768431767143,
				0.0,
				0.0029689077570341253,
				0.016339460550690205,
				0.00033974286257852903,
				1.0
			],
			"uncertain" : false,
			"version_major" : 1,
			"version_minor" : 0
		},
		{
			"class_name" : "PoseGraphEdge",
			"confidence" : 1.0,
			"information" : 
			[
				9722.2113108428093,
				-15.036417320007729,
				741.36505222600351,
				0.0,
				-4719.0092486016447,
				24.527230338770792,
				-15.036417320007729,
				10421.663622388643,
				79.356238533758841,
				4719.0092486016447,
				0.0,
				275.91121375787833,
				741.36505222600351,
				79.356238533758841,
				1634.3300471648918,
				-24.527230338770792,
				-275.91121375787833,
				0.0,
				0.0,
				4719.0092486016447,
				-24.527230338770792,
				2479.0,
				0.0,
				0.0,
				-4719.0092486016447,
				0.0,
				-275.91121375787833,
				0.0,
				2479.0,
				0.0,
				24.527230338770792,
				275.91121375787833,
				0.0,
				0.0,
				0.0,
				2479.0
			],
			"source_node_id" : 20,
			"target_node_id" : 21,
			"transformation" : 
			[
				0.99994114373481213,
				-0.0029741643883879937,
				0.010433763103804563,
				0.0,
				0.0029034046502186676,
				0.99997272992355168,
				0.0067904087267699406,
				0.0,
				-0.010453674366104832,
				-0.0067597156323583223,
				0.99992251046609459,
				0.0,
				0.0055282609342943633,
				0.014762475676192021,
				-0.0013071492625687515,
				1.0
			],
			"uncertain" : false,
			"version_major" : 1,
			"version_minor" : 0
		},
		{
			"class_name" : "PoseGraphEdge",
			"confidence" : 1.0,
			"information" : 
			[
				9527.3919717473727,
				-16.425061819368516,
				643.52481127891917,
				0.0,
				-4630.8830411422296,
				26.787788779229786,
				-16.425061819368516,
				10219.60088358919,
				66.826700713065634,
				4630.8830411422296,
				0.0,
				226.6620748352791,
				643.52481127891917,
				66.826700713065634,
				1601.3396528243995,
				-26.787788779229786,
				-226.6620748352791,
				0.0,
				0.0,
				4630.8830411422296,
				-26.787788779229786,
				2432.0,
				0.0,
				0.0,
				-4630.8830411422296,
				0.0,
				-226.6620748352791,
				0.0,
				2432.0,
				0.0,
				26.787788779229786,
				226.6620748352791,
				0.0,
				0.0,
				0.0,
				2432.0
			],
			"source_node_id" : 21,
			"target_node_id" : 22,
			"transformation" : 
			[
				0.99993852549840556,
				-0.0030481846723636919,
				0.010660853355973186,
				0.0,
				0.0029963673387504355,
				0.99998363709045313,
				0.0048731236512895527,
				0.0,
				-0.010675533094214417,
				-0.0048408802456428373,
				0.9999312970757549,
				0.0,
				0.0062290577246264791,
				0.011719990376202982,
				-0.002491837466743778,
				1.0
			],
			"uncertain" : false,
			"version_major" : 1,
			"version_minor" : 0
		},
		{
			"class_name" : "PoseGraphEdge",
			"confidence" : 1.0,
			"information" : 
			[
				9211.006542602996,
				-16.623094484058818,
				511.45834135629104,
				0.0,
				-4494.6000633025897,
				22.42247560576935,
				-16.623094484058818,
				9854.8000655699361,
				77.995512308012323,
				4494.6000633025897,
				0.0,
				167.12740962968502,
				511.45834135629104,
				77.995512308012323,
				1548.6817559870065,
				-22.42247560576935,
				-167.12740962968502,
				0.0,
				0.0,
				4494.6000633025897,
				-22.42247560576935,
				2371.0,
				0.0,
				0.0,
				-4494.6000633025897,
				0.0,
				-167.12740962968502,
				0.0,
				2371.0,
				0.0,
				22.42247560576935,
				167.12740962968502,
				0.0,
				0.0,
				0.0,
				2371.0
			],
			"source_node_id" : 22,
			"target_node_id" : 23,
			"transformation" : 
			[
				0.99997083325969693,
				-0.0019326636358036576,
				0.0073890081322507848,
				0.0,
				0.0019131220913936717,
				0.99999465651337827,
				0.0026508316721726962,
				0.0,
				-0.0073940918151621272,
				-0.0026366182813624297,
				0.99996918735042384,
				0.0,
				0.0054236026578340429,
				0.0064042856486733746,
				-0.0020309888573442924,
				1.0
			],
			"uncertain" : false,
			"version_major" : 1,
			"version_minor" : 0
		},
		{
			"class_name" : "PoseGraphEdge",
			"confidence" : 1.0,
			"information" : 
			[
				9326.1742788236297,
				-12.4578323061742,
				558.21755466229479,
				0.0,
				-4540.9954414094555,
				19.543550945215216,
				-12.4578323061742,
				9976.8478536895309,
				70.932628391096102,
				4540.9954414094555,
				0.0,
				192.7072507677326,
				558.21755466229479,
				70.932628391096102,
				1549.555408030955,
				-19.543550945215216,
				-192.7072507677326,
				0.0,
				0.0,
				4540.9954414094555,
				-19.543550945215216,
				2384.0,
				0.0,
				0.0,
				-4540.9954414094555,
				0.0,
				-192.7072507677326,
				0.0,
				2384.0,
				0.0,
				19.543550945215216,
				192.7072507677326,
				0.0,
				0.0,
				0.0,
				2384.0
			],
			"source_node_id" : 23,
			"target_node_id" : 24,
			"transformation" : 
			[
				0.99996544129769271,
				-0.0023550588141523663,
				0.0079730739550524805,
				0.0,
				0.0023318741633592075,
				0.99999302987103478,
				0.0029159170485054862,
				0.0,
				-0.0079798855378451859,
				-0.0028972240730379155,
				0.99996396311040814,
				0.0,
				0.0061082228803260117,
				0.0069708330854164691,
				-0.002471134832043885,
				1.0
			],
			"uncertain" : false,
			"version_major" : 1,
			"version_minor" : 0
		},
		{
			"class_name" : "PoseGraphEdge",
			"confidence" : 1.0,
			"information" : 
			[
				9277.3588341652576,
				-14.398682773663587,
				485.22759421233894,
				0.0,
				-4546.9349496586037,
				43.689129024802746,
				-14.398682773663587,
				9903.9952875623694,
				36.5746394029849,
				4546.9349496586037,
				0.0,
				162.79138403664632,
				485.22759421233894,
				36.5746394029849,
				1547.3566070253942,
				-43.689129024802746,
				-162.79138403664632,
				0.0,
				0.0,
				4546.9349496586037,
				-43.689129024802746,
				2406.0,
				0.0,
				0.0,
				-4546.9349496586037,
				0.0,
				-162.79138403664632,
				0.0,
				2406.0,
				0.0,
				43.689129024802746,
				162.79138403664632,
				0.0,
				0.0,
				0.0,
				2406.0
			],
			"source_node_id" : 24,
			"target_node_id" : 25,
			"transformation" : 
			[
				0.99995334182566642,
				-0.0028569820406748872,
				0.0092277746667986764,
				0.0,
				0.0028331802359211826,
				0.99999262881793516,
				0.0025914087957014617,
				0.0,
				-0.0092351102555809222,
				-0.0025651439364905953,
				0.99995406533257924,
				0.0,
				0.0081287828259055863,
				0.0065436020164308141,
				-0.0028560902965311824,
				1.0
			],
			"uncertain" : false,
			"version_major" : 1,
			"version_minor" : 0
		},
		{
			"class_name" : "PoseGraphEdge",
			"confidence" : 1.0,
			"information" : 
			[
				9813.9768255481304,
				-19.226782484083291,
				557.46822332847137,
				0.0,
				-4811.4316999288167,
				-30.659183301229547,
				-19.226782484083291,
				10484.678157333656,
				168.56283223226086,
				4811.4316999288167,
				0.0,
				204.67388234232877,
				557.46822332847137,
				168.56283223226086,
				1629.6094214548968,
				30.659183301229547,
				-204.67388234232877,
				0.0,
				0.0,
				4811.4316999288167,
				30.659183301229547,
				2541.0,
				0.0,
				0.0,
				-4811.4316999288167,
				0.0,
				-204.67388234232877,
				0.0,
				2541.0,
				0.0,
				-30.659183301229547,
				204.67388234232877,
				0.0,
				0.0,
				0.0,
				2541.0
			],
			"source_node_id" : 25,
			"target_node_id" : 26,
			"transformation" : 
			[
				0.99994240881557561,
				-0.0041858835560896748,
				0.0098821774401686244,
				0.0,
				0.0041604768924714975,
				0.9999879907894329,
				0.0025901175533552165,
				0.0,
				-0.0098929006934938106,
				-0.0025488538145303961,
				0.99994781556844314,
				0.0,
				0.0095523633912186681,
				0.0068057942844520231,
				-0.0030048663404758703,
				1.0
			],
			"uncertain" : false,
			"version_major" : 1,
			"version_minor" : 0
		},
		{
			"class_name" : "PoseGraphEdge",
			"confidence" : 1.0,
			"information" : 
			[
				8894.6748884154331,
				-21.240090530450697,
				454.45801390134079,
				0.0,
				-4379.6009743855066,
				-4.2275672873769423,
				-21.240090530450697,
				9483.2610961894225,
				109.34848493449579,
				4379.6009743855066,
				0.0,
				163.82079537731002,
				454.45801390134079,
				109.34848493449579,
				1459.8561299498499,
				4.2275672873769423,
				-163.82079537731002,
				0.0,
				0.0,
				4379.6009743855066,
				4.2275672873769423,
				2321.0,
				0.0,
				0.0,
				-4379.6009743855066,
				0.0,
				-163.82079537731002,
				0.0,
				2321.0,
				0.0,
				-4.2275672873769423,
				163.82079537731002,
				0.0,
				0.0,
				0.0,
				2321.0
			],
			"source_node_id" : 26,
			"target_node_id" : 27,
			"transformation" : 
			[
				0.99993755995901823,
				-0.0039109752524491307,
				0.010468068388189743,
				0.0,
				0.0038847728397237336,
				0.99998927335415488,
				0.0025222443601976012,
				0.0,
				-0.010477820536200824,
				-0.0024814208033975744,
				0.99994202723338288,
				0.0,
				0.0096204101714232205,
				0.0064662285743310646,
				-0.0034993945703249208,
				1.0
			],
			"uncertain" : false,
			"version_major" : 1,
			"version_minor" : 0
		},
		{
			"class_name" : "PoseGraphEdge",
			"confidence" : 1.0,
			"information" : 
			[
				9803.0030567157955,
				-29.603840177306722,
				517.04458435589106,
				0.0,
				-4855.9201187022536,
				-50.440637960015067,
				-29.603840177306722,
				10463.584302235839,
				198.29361011029977,
				4855.9201187022536,
				0.0,
				204.96068367908143,
				517.04458435589106,
				198.29361011029977,
				1621.9646670952256,
				50.440637960015067,
				-204.96068367908143,
				0.0,
				0.0,
				4855.9201187022536,
				50.440637960015067,
				2587.0,
				0.0,
				0.0,
				-4855.9201187022536,
				0.0,
				-204.96068367908143,
				0.0,
				2587.0,
				0.0,
				-50.440637960015067,
				204.96068367908143,
				0.0,
				0.0,
				0.0,
				2587.0
			],
			"source_node_id" : 27,
			"target_node_id" : 28,
			"transformation" : 
			[
				0.99992436942407559,
				-0.0042208451551545975,
				0.011551618849352199,
				0.0,
				0.0041918056166372055,
				0.9999879962483581,
				0.002536951884888573,
				0.0,
				-0.01156218826766066,
				-0.0024883378729824608,
				0.99993005954271275,
				0.0,
				0.011343531497814691,
				0.0065337681340251631,
				-0.0038819141476714517,
				1.0
			],
			"uncertain" : false,
			"version_major" : 1,
			"version_minor" : 0
		},
		{
			"class_name" : "PoseGraphEdge",
			"confidence" : 1.0,
			"information" : 
			[
				10584.486664859633,
				-19.19363976765683,
				397.24395621953704,
				0.0,
				-5242.2186464818351,
				-17.304011352502712,
				-19.19363976765683,
				11283.293978850699,
				155.90618977794855,
				5242.2186464818351,
				0.0,
				136.47063531510324,
				397.24395621953704,
				155.90618977794855,
				1752.7383982841998,
				17.304011352502712,
				-136.47063531510324,
				0.0,
				0.0,
				5242.2186464818351,
				17.304011352502712,
				2792.0,
				0.0,
				0.0,
				-5242.2186464818351,
				0.0,
				-136.47063531510324,
				0.0,
				2792.0,
				0.0,
				-17.304011352502712,
				136.47063531510324,
				0.0,
				0.0,
				0.0,
				2792.0
			],
			"source_node_id" : 28,
			"target_node_id" : 29,
			"transformation" : 
			[
				0.99990611531286289,
				-0.0043482905145320978,
				0.01299434221270594,
				0.0,
				0.0043198031246783229,
				0.99998820636637342,
				0.0022195560653464111,
				0.0,
				-0.013003840236780084,
				-0.0021632146829260466,
				0.99991310654542964,
				0.0,
				0.013921445357324305,
				0.0058881565428009121,
				-0.0040437485579935999,
				1.0
			],
			"uncertain" : false,
			"version_major" : 1,
			"version_minor" : 0
		},
		{
			"class_name" : "PoseGraphEdge",
			"confidence" : 1.0,
			"information" : 
			[
				8843.5293276880984,
				-10.668867680805528,
				361.4311833879184,
				0.0,
				-4389.185907984991,
				-36.967057335874003,
				-10.668867680805528,
				9439.4018012644265,
				162.73979745914198,
				4389.185907984991,
				0.0,
				133.19788645207299,
				361.4311833879184,
				162.73979745914198,
				1459.1490180966687,
				36.967057335874003,
				-133.19788645207299,
				0.0,
				0.0,
				4389.185907984991,
				36.967057335874003,
				2338.0,
				0.0,
				0.0,
				-4389.185907984991,
				0.0,
				-133.19788645207299,
				0.0,
				2338.0,
				0.0,
				-36.967057335874003,
				133.19788645207299,
				0.0,
				0.0,
				0.0,
				2338.0
			],
			"source_node_id" : 29,
			"target_node_id" : 30,
			"transformation" : 
			[
				0.99989134945272096,
				-0.0043256941571715403,
				0.014091758572840354,
				0.0,
				0.0043046866787539839,
				0.99998957843495428,
				0.0015207544443277168,
				0.0,
				-0.014098190033276101,
				-0.0014599286081163406,
				0.99989954977799866,
				0.0,
				0.014458833761586829,
				0.004901334915210883,
				-0.0044236273915104207,
				1.0
			],
			"uncertain" : false,
			"version_major" : 1,
			"version_minor" : 0
		},
		{
			"class_name" : "PoseGraphEdge",
			"confidence" : 1.0,
			"information" : 
			[
				9209.7075289352179,
				-0.11038188006108784,
				376.92244531138152,
				0.0,
				-4591.8010834949373,
				-31.560347490269564,
				-0.11038188006108784,
				9846.7510235015234,
				160.14505943574127,
				4591.8010834949373,
				0.0,
				147.55592558864024,
				376.92244531138152,
				160.14505943574127,
				1548.2643929863868,
				31.560347490269564,
				-147.55592558864024,
				0.0,
				0.0,
				4591.8010834949373,
				31.560347490269564,
				2460.0,
				0.0,
				0.0,
				-4591.8010834949373,
				0.0,
				-147.55592558864024,
				0.0,
				2460.0,
				0.0,
				-31.560347490269564,
				147.55592558864024,
				0.0,
				0.0,
				0.0,
				2460.0
			],
			"source_node_id" : 30,
			"target_node_id" : 31,
			"transformation" : 
			[
				0.99988199150936985,
				-0.0042383009604833417,
				0.014766172836075269,
				0.0,
				0.0042258854334787706,
				0.99999069078998304,
				0.0008719092127204808,
				0.0,
				-0.014769730788324921,
				-0.00080940616533412045,
				0.99989059397221058,
				0.0,
				0.015723504767800947,
				0.0037728006514105563,
				-0.00456651003117716,
				1.0
			],
			"uncertain" : false,
			"version_major" : 1,
			"version_minor" : 0
		},
		{
			"class_name" : "PoseGraphEdge",
			"confidence" : 1.0,
			"information" : 
			[
				9819.7673405008882,
				19.297964549127094,
				348.22303444640471,
				0.0,
				-4925.4530077278787,
				34.860974245423812,
				19.297964549127094,
				10494.334524153426,
				35.783232500208968,
				4925.4530077278787,
				0.0,
				132.49572579386441,
				348.22303444640471,
				35.783232500208968,
				1625.557494231284,
				-34.860974245423812,
				-132.49572579386441,
				0.0,
				0.0,
				4925.4530077278787,
				-34.860974245423812,
				2649.0,
				0.0,
				0.0,
				-4925.4530077278787,
				0.0,
				-132.49572579386441,
				0.0,
				2649.0,
				0.0,
				34.860974245423812,
				132.49572579386441,
				0.0,
				0.0,
				0.0,
				2649.0
			],
			"source_node_id" : 31,
			"target_node_id" : 32,
			"transformation" : 
			[
